1.745868152696398923e+01
1.636480210894662690e+01
1.564980732659185314e+01
1.503841840417005393e+01
1.452107981014114912e+01
1.436177578341841254e+01
1.400521527232877439e+01
1.380648047150977220e+01
1.354025701830000550e+01
1.329556825119932562e+01
1.306303610538307503e+01
1.304456902781723215e+01
1.273757894121249379e+01
1.250173637976434371e+01
1.244396268483384915e+01
1.216088386792876541e+01
1.199001355373021305e+01
1.217426662380076152e+01
1.204012265335367537e+01
1.149396681511932350e+01
1.139937008094240234e+01
1.147300299219626751e+01
1.139339592877556306e+01
1.177545131484268381e+01
1.108711809509966884e+01
1.078790772816372012e+01
1.072692456093203894e+01
1.074415421058320952e+01
1.058170409182051763e+01
1.066020123910698736e+01
1.092519436522228027e+01
1.099541178717674761e+01
1.027277198908489808e+01
1.021163991371562574e+01
1.010597952452075354e+01
1.043531589468719289e+01
1.009268048999983414e+01
9.915895073023895279e+00
1.103496580623314749e+01
1.016614374693702239e+01
9.751267824915252902e+00
9.745410596281075755e+00
9.867127195492365388e+00
9.757135839339136751e+00
9.685858468328692794e+00
9.581001811338804686e+00
9.578719743782682983e+00
9.490752500817286830e+00
1.051560722686981109e+01
9.441595292630120539e+00
9.277085579108645064e+00
9.183152852475728878e+00
9.220358684808656946e+00
9.425520366455938159e+00
9.834197145024878850e+00
9.036612804172028390e+00
9.076853867240751939e+00
9.049482316163555140e+00
9.030338793864721936e+00
9.884422925572142304e+00
9.094267465975910625e+00
8.837664977720853798e+00
8.835508520240592745e+00
9.521644470681419392e+00
8.792338423014030013e+00
8.707389241739187824e+00
8.725830383588114358e+00
9.189460413784344084e+00
8.712133406823129533e+00
8.644776863124825184e+00
8.602564404821464450e+00
8.664823254348558379e+00
8.572982380944310421e+00
8.540866266107627780e+00
8.501631864345227996e+00
8.441257925423522934e+00
8.533427519469897859e+00
8.491873694971268094e+00
1.011087745641875379e+01
8.780146626437582924e+00
8.294125071043946917e+00
8.231853386165422393e+00
8.233229689139717422e+00
8.214544109754275070e+00
8.203634890541968261e+00
8.499154700866901280e+00
8.152526179721400368e+00
8.091390077062111885e+00
8.574429425823808515e+00
8.046227941981689114e+00
7.987938549118370091e+00
8.097006835588594242e+00
8.065659296820461677e+00
8.510453000557815173e+00
7.982124494001205051e+00
7.893894070532263996e+00
7.901764579790736320e+00
8.613439505120773276e+00
7.844500965675288207e+00
7.840300261888819122e+00
7.895855639381080593e+00
7.832719790456627251e+00
7.779044495850074625e+00
8.278216654207648517e+00
8.246718456019971555e+00
7.681521621034340441e+00
7.689971574067727467e+00
7.653357552233522654e+00
7.632381113136515793e+00
7.669721416199053010e+00
7.641936514435744954e+00
8.103253324883569420e+00
7.591019338822603935e+00
7.520775432053049769e+00
7.599349871170914206e+00
7.594793046991657803e+00
7.507491231734304549e+00
7.459247597919475226e+00
7.502414602887852446e+00
7.678019453497493707e+00
7.855495636825753358e+00
7.391986206580098084e+00
7.361984586527563046e+00
7.311130591495820674e+00
7.471173680923248739e+00
7.355239783075652404e+00
7.340303686547655637e+00
7.352370488934401038e+00
7.286111786427080794e+00
7.211191871073872051e+00
7.252863149218785388e+00
8.511352146971686849e+00
7.201486136256536774e+00
7.100192255833569277e+00
7.095912326699179040e+00
7.177291015983483291e+00
7.162129901060928283e+00
7.206220198139398292e+00
7.512980039013680944e+00
7.659918643651767667e+00
7.006119643128243091e+00
7.007459364799379031e+00
7.035243445780219318e+00
7.059751846954504195e+00
7.001786016750883412e+00
7.288754640748374314e+00
7.062221699157780641e+00
6.965833438862344629e+00
6.977126738176797183e+00
7.031863914158628326e+00
7.085291639120027796e+00
6.877960902974116664e+00
6.918835199033170902e+00
6.914391095617751226e+00
6.961555998157736624e+00
6.857927404483045386e+00
7.165001959078964866e+00
7.402530396856913164e+00
6.814066310010989724e+00
6.718722695856217619e+00
6.769799208110852895e+00
6.842250757870749212e+00
6.796564551901441043e+00
6.751134777599291148e+00
6.763655752841506441e+00
6.766765618426899387e+00
7.720927895227156057e+00
6.650871960641321579e+00
6.594254824147163241e+00
6.660883983033288658e+00
6.719870651127447303e+00
6.657627012243914066e+00
8.588753081035067183e+00
6.731126535144050571e+00
6.620199733946894760e+00
6.545347695456686488e+00
6.525176238209821733e+00
6.551075676164805017e+00
6.596220443289796620e+00
6.642358079445755514e+00
6.630024923057090902e+00
6.589673003686893793e+00
6.598396626444081647e+00
6.738297259961515628e+00
6.467645811042621595e+00
6.443595358254748717e+00
6.430906372142145777e+00
6.501865418689322773e+00
6.541281429989266094e+00
6.504400100051245026e+00
6.479095122393439432e+00
6.419397716713772795e+00
6.444368685078586623e+00
6.364868197242704362e+00
6.400371112389064976e+00
6.538562286789482592e+00
6.342749416828155518e+00
6.873099714731383258e+00
6.369607515237595052e+00
6.307627732882882476e+00
6.285528061636209252e+00
6.285584453274221772e+00
6.260140923294138737e+00
8.509784214380310630e+00
6.975568228848866070e+00
6.280863523996372599e+00
6.191554709178645588e+00
6.178336453916694282e+00
6.181548625102514904e+00
6.231189353394200658e+00
6.255947151348272506e+00
6.343514573753649799e+00
6.229595649618671516e+00
6.217116471171550529e+00
6.163443709463094500e+00
6.174942471290079560e+00
6.195670843209905243e+00
7.575564539629212391e+00
6.186659263829076494e+00
6.079651371221802769e+00
6.043425340649045019e+00
6.080498989634055107e+00
6.138057496575064498e+00
6.286546800793328948e+00
6.082691529303404288e+00
6.073291662775803346e+00
6.137081734932307242e+00
6.100498022444791779e+00
6.050933246205492999e+00
6.014597189007393929e+00
6.097648800274562575e+00
6.072767208946315165e+00
6.017072418926436406e+00
6.812236652227180222e+00
6.778548732549593225e+00
5.956148668204352958e+00
5.914438175804474618e+00
5.924172764956694870e+00
5.904164655906398274e+00
5.882309736488881668e+00
6.016154237508431812e+00
5.960638675063719916e+00
6.018627917920500003e+00
5.927611999523691111e+00
5.896124623940356635e+00
5.862063405503501912e+00
5.959361095767110150e+00
5.864879464145370314e+00
6.543681109567283549e+00
5.952016785890505091e+00
5.777478725017400230e+00
5.778177474201837249e+00
5.836112008717344146e+00
5.832720489378810491e+00
5.857204106779317243e+00
5.810031970655558986e+00
5.831562472381755846e+00
5.843364525046546909e+00
5.806885214156365826e+00
7.201885559637543288e+00
5.767867074549796413e+00
5.676370455938227089e+00
5.682597242349189948e+00
5.711617375121397444e+00
5.782843499392313902e+00
5.759951986190749551e+00
5.852628997100818964e+00
5.767480299582269154e+00
5.700552425476878682e+00
5.918775161378182048e+00
6.603710856507806426e+00
5.680386559521964251e+00
5.630407658035478491e+00
5.697358207688954401e+00
5.669269940560654142e+00
5.671721062324994733e+00
5.662202283590390905e+00
5.664166456401091843e+00
5.641704692004229749e+00
5.653721209920119506e+00
6.054087715819370885e+00
5.633728996838524239e+00
5.556101597065221220e+00
5.623640800052599253e+00
5.588695285823115810e+00
5.677226117214821066e+00
5.607183381936471811e+00
5.608420970022592655e+00
5.571964171131166488e+00
5.580754715708783564e+00
5.575533739976595626e+00
5.551007738585451712e+00
5.596826710352083900e+00
5.634610734933418463e+00
6.185134874611366129e+00
6.424938381145810951e+00
5.591793123584566594e+00
5.452639989309023605e+00
5.489801011434415123e+00
5.448552249750413523e+00
5.519910065395760235e+00
5.476849701774000323e+00
5.516135122632364940e+00
6.573146257800727810e+00
5.767576698080197239e+00
5.430372683355421337e+00
5.407277863029086085e+00
5.392022156903528263e+00
5.407146584055515959e+00
5.500483932890200656e+00
5.461203038777989960e+00
5.412409170799310054e+00
6.162381491838945458e+00
5.609172585619402795e+00
5.377160526801387341e+00
5.326742503615670365e+00
5.386009345095674306e+00
5.387949857684426469e+00
5.417443458541393753e+00
5.410403292952172372e+00
5.435741232662666178e+00
5.388166412347700884e+00
5.330017469363712124e+00
5.349155566271613260e+00
5.433703443839868363e+00
5.493703804963630866e+00
5.295857939863820363e+00
5.340019532392493495e+00
5.279284482963458203e+00
5.348381285516911277e+00
5.381714073281035127e+00
5.393148491936742062e+00
5.281980338876524073e+00
5.292983379391379195e+00
5.266146657456626912e+00
5.266241203250638492e+00
5.965516175224927942e+00
5.417881914156581047e+00
5.195216884229925114e+00
5.154516642327972242e+00
5.194281171691981669e+00
5.229955243328893388e+00
5.203833136787715752e+00
5.258716679885021783e+00
5.264404572150970907e+00
5.185291185868179831e+00
5.215630517371929287e+00
5.182912375997094756e+00
5.315521537744502645e+00
5.144774704359183382e+00
5.225045554179542862e+00
5.162373382143858436e+00
5.223089626820563325e+00
5.125430394022844283e+00
5.162688891206957287e+00
5.171737475152337282e+00
5.132331101589941547e+00
5.139260957795201534e+00
5.192217486147558958e+00
5.228981000364596454e+00
5.094462414981644649e+00
5.074994896114984222e+00
5.100828987112004498e+00
5.103084400616896055e+00
5.221147038502193638e+00
5.049947390426351213e+00
5.114393837354446859e+00
5.065204734354142424e+00
5.091440471292739467e+00
5.059989786986127669e+00
5.052380866522084624e+00
6.921161594914226889e+00
5.419680947638310542e+00
5.004021941161736819e+00
4.957902120808446611e+00
4.972974148422608209e+00
5.011607273622085579e+00
5.009437735402259229e+00
4.974100403241823898e+00
5.085685467531896542e+00
5.093087372769584675e+00
5.007938054319433618e+00
5.016423038037299165e+00
5.040102879876214637e+00
5.066075318769540203e+00
4.988830796743568108e+00
4.986665007715759046e+00
4.973848356407033933e+00
4.989543176620899523e+00
5.090263987374271437e+00
5.006464338114477108e+00
4.924276964223197162e+00
4.999325906700177846e+00
4.956729947793774294e+00
4.999310791749009830e+00
4.984774886535606520e+00
4.959236648281129867e+00
6.190243640794302671e+00
4.939683390655681627e+00
4.848888419536470096e+00
4.857563353593927324e+00
